2 times
bubbles.ps                    11091.000           1.3                 5658.500            9.3                 7569.500            0.9
chupcko.ps                    2095.500            2.5                 1070.500            0.7                 1376.500            7.9
FractalByAlunJones.ps         60041.500           0.1                 60027.000           0.0                 60054.500           0.0
FractalByAlunJones2.ps        60007.500           0.0                 60010.500           0.0                 60009.000           0.0
henon.ps                      13338.000           0.0                 12455.500           0.4                 12376.000           0.0
julia.ps                      132602.500          2.2                 82156.000           0.6                 94177.500           2.8
mandel.ps                     199884.500          0.5                 118402.500          7.0                 160512.000          3.2
mandelbrotset.ps              34644.500           5.8                 22869.500           9.6                 29330.000           5.4
psRay.ps                      214408.500          11.5                1713499.000         1.5                 1774555.000         0.7
z1dca.ps                      327236.000          0.1                 264046.000          0.1                 281536.500          1.2